# 300/300 iterations complete ✅ (22316.59s)
# Results saved to /docs/runs/detect/tune3
# Best fitness=0.38653 observed at iteration 242
# Best fitness metrics are {'metrics/precision(B)': 0.81344, 'metrics/recall(B)': 0.72292, 'metrics/mAP50(B)': 0.80469, 'metrics/mAP50-95(B)': 0.34006, 'val/box_loss': 1.36737, 'val/cls_loss': 1.00007, 'val/dfl_loss': 0.77671, 'fitness': 0.38653}
# Best fitness model is /docs/runs/detect/train544
# Best fitness hyperparameters are printed below.

lr0: 0.00836
lrf: 0.00789
momentum: 0.90282
weight_decay: 0.00053
warmup_epochs: 2.58718
warmup_momentum: 0.82969
box: 5.06508
cls: 0.56455
dfl: 1.20986
hsv_h: 0.01215
hsv_s: 0.72735
hsv_v: 0.50865
degrees: 0.0
translate: 0.06612
scale: 0.33003
shear: 0.0
perspective: 0.0
flipud: 0.0
fliplr: 0.48993
bgr: 0.0
mosaic: 0.97529
mixup: 0.0
copy_paste: 0.0
