# 300/300 iterations complete ✅ (13272.96s)
# Results saved to /docs/runs/detect/tune6
# Best fitness=0.51788 observed at iteration 252
# Best fitness metrics are {'metrics/precision(B)': 0.93103, 'metrics/recall(B)': 0.62114, 'metrics/mAP50(B)': 0.77839, 'metrics/mAP50-95(B)': 0.48893, 'val/box_loss': 0.97291, 'val/cls_loss': 2.70386, 'val/dfl_loss': 0.90665, 'fitness': 0.51788}
# Best fitness model is /docs/runs/detect/train1454
# Best fitness hyperparameters are printed below.

lr0: 0.00967
lrf: 0.01187
momentum: 0.78674
weight_decay: 0.00021
warmup_epochs: 3.03666
warmup_momentum: 0.81758
box: 5.25473
cls: 0.35605
dfl: 1.53431
hsv_h: 0.01101
hsv_s: 0.51982
hsv_v: 0.49718
degrees: 0.0
translate: 0.06107
scale: 0.37808
shear: 0.0
perspective: 0.0
flipud: 0.0
fliplr: 0.43225
bgr: 0.0
mosaic: 0.88523
mixup: 0.0
copy_paste: 0.0
