# 300/300 iterations complete ✅ (13225.04s)
# Results saved to /docs/runs/detect/tune4
# Best fitness=0.27832 observed at iteration 80
# Best fitness metrics are {'metrics/precision(B)': 0.67153, 'metrics/recall(B)': 0.41818, 'metrics/mAP50(B)': 0.55477, 'metrics/mAP50-95(B)': 0.2476, 'val/box_loss': 0.79229, 'val/cls_loss': 4.98258, 'val/dfl_loss': 1.1928, 'fitness': 0.27832}
# Best fitness model is /docs/runs/detect/train682
# Best fitness hyperparameters are printed below.

lr0: 0.00757
lrf: 0.0099
momentum: 0.82658
weight_decay: 0.00022
warmup_epochs: 1.59433
warmup_momentum: 0.92886
box: 2.5462
cls: 0.71163
dfl: 1.92563
hsv_h: 0.01152
hsv_s: 0.76192
hsv_v: 0.6631
degrees: 0.0
translate: 0.05195
scale: 0.33233
shear: 0.0
perspective: 0.0
flipud: 0.0
fliplr: 0.61564
bgr: 0.0
mosaic: 0.90256
mixup: 0.0
copy_paste: 0.0
